--------------------------------------------------------------------------------
Node # and Displacements (X,Y): (Unit = mm)
--------------------------------------------------------------------------------
1 [0. 0.]
2 [ 2.10127249 -0.67270023]
3 [ 5.50312407e-16 -3.98357713e+00]
4 [ 1.71299809 -7.02772229]
5 [ 0.66494374 -7.0563916 ]
6 [ 1.03868632 -6.72559833]
7 [ 1.19048414 -6.08986098]
8 [ 0.536675   -5.18785316]
9 [ 1.53758481 -4.09321159]
10 [ 0.24478222 -2.86267119]
11 [ 1.70440153 -1.56706339]
12 [ 0.14635112 -0.16569087]
13 [1.70444641 0.        ]
--------------------------------------------------------------------------------